10474038
10911594
10890262
10898750
10612417
10793222
10644437
6369863
4473757
10091048
5426045
8948344
10127739
10272222
10389086
9612547
10323314
6920439
10698100
8558420
10381557
10271365
4542791
9278489
6490378
9803360
7448501
9752476
10575653
10607222
10212332
10574401
8946812
10100277
10309543
10632812
10440751
7775391
10574504
9578356
10626756
10741529
8063646
8738253
6696614
9744869
10645636
10443895
9415004
6532866
10527243
9254069
9361599
3772269
6671742
10828482
10197728
8046745
10286268
9403581
8667134
8153881
9263073
9340304
3393452
5850216
9682009
8262411
10722140
8655682
10721940
8418394
1970246
9684970
9294089
10903842
10495988
6958020
9047131
9874201
10464544
6971597
10468357
10461075
10284460
8271301
10270526
9434204
10903217
7765455
10541375
9996822
10407066
9229142
4433648
10390385
9481618
8455706
10244343
9617627
6716568
8542027
10284979
10187244
3388952
9947872
10904698
10478657
9985703
8655434
10659358
10104438
8632834
10212408
9594354
7776727
9876719
9358383
9423402
9766469
8077486
2625547
9605055
7059089
10585245
3082284
9539726
7680889
10450444
9785346
4656596
9701050
6802130
10779260
10234089
10549727
8918237
10427496
9600811
8162544
8758293
9726284
8507806
9278315
10642770
9062352
7692395
10759010
7196425
9100296
9805837
6790224
10499530
10111016
9301534
10286170
8580005
9910308
9516119
9906619
9977362
10629727
9531213
10850111
8944599
10095113
10691107
10508189
8591807
10281135
9375276
10826211
9539720
7949885
8457013
6630070
9775477
9245025
10536153
7569035
7125541
9772892
10641803
10132938
9275274
7187852
9092219
8285575
8507289
9448437
10821833
7497717
9117939
10371610
6904411
5009089
9520177
6030502
9261778
7106851
8670664
9772891
8453894
3930260
9950312
10719407
3727578
7345145
10786756
9554026
5976922
9621109
9336409
10314260
7158384
9443758
5566075
5564235
10697396
9100156
9857292
10128800
8860028
9692703
9335865
9121752
10580736
10721656
9458551
9006903
9083640
4158075
9335913
10574992
2660982
10503684
5581396
8195270
3204895
7752868
5906251
6647605
6089576
2165132
9992907
7150596
10045254
9970710
10012534
10178959
10012533
10296229
9818266
10624371
3977825
8852710
7563473
2660906
2660905
2660776
2660777
8410295
9818528
10440399
6900738
7283005
2660663
8658376
7724643
8173680
6514909
9553840
8164459
6486295
10577246
10798677
6514624
7359609
2851225
10854093
10865177
10854095
10865261
10865258
10865262
9344729
8738585
9691592
3961133
8619767
10361006
6870498
10445289
7264136
9060266
10816577
10907814
9967337
5369722
2661678
7778118
3921499
2661651
10587885
8817432
9298042
5926161
10163672
10813739
9895189
4819677
5904568
8448640
2661799
2661798
9640602
10167710
10371607
10634574
2661604
2661509
9636695
9242660
9967472
10096231
10907813
10679297
10725125
8166507
10848738
9925087
9058092
8267140
9417391
9414715
10343966
9778237
10851274
6515195
9561059
9680311
2661388
2661384
2661386
2661387
2661369
10544539
9522367
4382546
9617528
10334487
9534760
8738784
10725767
6822789
9443935
10359322
7795423
10701490
10165053
10880905
10187951
9764038
10757256
10025183
10740200
9478124
9492568
10018701
10846524
9602923
10376588
10851449
7143742
7249851
10359257
10247274
10710629
10198519
10639681
10283369
10375136
6992381
10034236
10359136
9112695
10534748
9238047
10027976
10808086
8881412
10602947
6640782
9364564
10182290
9048441
9752477
10585522
7562462
10184360
9888335
9386438
9773586
9818267
10155037
6015029
10720393
8915145
9788122
10701491
10184196
10693888
8915284
2626388
10774241
9736895
9498662
7991387
6156854
7535777
9607020
10699680
10280861
10361807
9502409
10629885
10719332
10096408
9537265
9762963
10527226
10901798
10276720
10706053
10460766
9753445
8864251
8843449
9192176
7986801
7966084
10807856
9681637
9616208
9491828
10715768
10889530
10554334
10598288
8774716
8931742
9930025
10348491
9908305
9442168
10588602
9817372
10290876
10248002
9913919
10813659
10900618
8888936
7044445
10696098
9764400
7503725
5221275
4895586
10627882
9787187
10896789
10128676
10771622
8274259
10649823
8436732
5866421
10713579
10077880
3796200
9854715
9883296
8158161
10221636
3677362
7559849
5161972
2662073
2331457
10014322
8895474
7528764
7595057
7503898
4952326
10575676
6114924
7877148
8182700
6462311
9490672
4722586
9177041
8098705
6341317
9199768
10650112
7778322
9614005
9628746
9270983
4191206
8398610
5151065
7980536
4457529
10489599
10820247
9770975
7916185
9399790
10443751
9701882
10239360
6662625
4922038
10612680
7134071
10562227
8423777
10915146
10329685
5535691
7886967
8573959
10572568
7155188
2153255
9609623
8567580
8713042
9683213
9940242
10049395
10740398
10029721
10112026
8510257
9691429
9433173
10119241
9444000
10565244
8938235
9335858
10559366
9748117
10163594
10813001
9377393
9769183
9606549
9270599
9769901
10427692
9425833
7773222
10200726
10207160
9672717
9667579
9680863
9785227
10433972
10562793
9207751
9465488
10132708
10640181
7986851
10125088
10463316
10439939
10198933
10816225
10274539
9385165
6767313
7144118
10640126
9110616
10016606
8912528
8912517
6433246
6433245
6433244
5461185
10350188
8912510
6533949
6437921
9758610
6437923
6437924
10016605
8912660
8912533
8912658
8912514
8912661
8912531
6437926
6437927
8906563
6439174
8912537
8912516
6437933
6437932
8912534
8912509
8912508
8906567
8912659
9066733
9066732
9066731
10605466
7922787
8649458
8649459
7923250
7923251
7923030
7923036
7923035
7923037
10446626
9383793
5495134
10605463
9383794
9383796
9383919
9383920
9383795
3207654
3219539
6535985
10605464
10605465
5577414
5577413
3279969
5767284
8649466
3919579
9229225
9383921
3613801
6433242
9383792
6847314
10588206
4565731
6559353
6543238
10196127
8906565
8906564
6456509
6506363
9383791
6457578
8912513
8912512
8912515
9758611
6456569
8191411
10899684
10790227
10587969
10601314
10860625
9234547
9787614
9265683
8638025
6948924
8755438
2661070
9480468
5988126
10765406
10685358
9874211
9682634
6502484
9582558
10216041
9607059
9699797
10386019
7556946
9959002
10152506
9640585
9874723
10458746
10127227
6466159
10500945
9458868
9097811
6465056
10476469
8607908
9403423
10702613
9705862
9553895
10853586
9378020
9092288
9677214
10720499
6869568
2660862
9014301
10606013
9245195
10459479
9602969
9381149
10393253
7562234
10898280
9539710
8701508
10377604
9775171
9756037
10702979
10702980
7759789
10890621
5294563
4306829
2660956
2071391
10907812
9285675
9936520
6870873
10500946
7072058
9936647
9356560
9177051
10377641
8957377
8964963
9981025
8913786
7549486
8683848
10495514
10046194
10477758
7844768
10559307
10264916
10027920
9616864
10067345
10186913
10869142
2661809
10693202
9783210
8096930
6273528
8745937
6465950
10812372
10780625
10772871
8877114
8908180
10894362
9187034
8979666
10826151
8225123
10872535
8307250
9691427
10575499
10076117
10309360
7597730
9222577
10090157
10762576
9667461
7019371
10251081
9807123
10414758
10757332
10690482
8067883
10260021
10326113
10501228
10701801
10299431
5351057
10853834
10702137
9787703
10489067
10876229
9799377
10127481
5872949
10588131
7245338
10596746
6508741
9527103
4438020
3302332
10436484
8258531
9222254
10810819
10476468
10896653
5396598
10381801
10152614
5942601
7710958
2601950
8309837
7516812
10793730
7595024
10269844
10414761
9546617
9338014
9459917
10311564
6975662
8322587
8301456
10026347
8312827
8307580
9958795
10872804
10559858
9403422
7829009
10587608
9207984
6094909
3653818
9426213
10606012
10605938
8849960
10514976
10685695
10513225
10512134
10431705
10690461
10512235
10514974
10686584
9212687
8562730
6531674
9932621
10854099
10596678
9117660
4074589
9385002
9382865
7578376
6241626
9693633
8481955
9540821
9635709
9442859
10513681
10503521
9381032
10233254
10831217
8584619
10497579
8947158
9115227
9984875
10152064
10196634
9765819
9967757
9953447
7296043
10757876
8173546
5157701
7585856
6334192
10208023
7529631
10153395
9197888
9776351
10016810
9481139
9524113
10320363
10465330
6734867
9228228
10500947
10759012
9545514
8485575
6165666
6165667
10518080
9699795
9872954
10340821
10709918
10437835
6923704
5847703
10700163
7931208
8113536
10712645
6824551
3996973
2238016
9720732
10469231
10473693
10479118
10477357
7995270
10451878
10448086
10070188
10482885
10692974
5343049
10517451
6605973
9539186
2682398
4142901
10095241
7292177
6843792
10503906
10650325
5149922
8792013
10267423
6787792
10862315
10863319
10506819
7315707
10900939
10504094
9442194
10471199
8713877
9643858
9800701
7722347
10803955
10334513
10335492
6910494
6910691
10685624
5527040
9216652
10129241
10829951
10616447
7093229
10779508
7683237
5581083
10006365
10500617
5156022
9556837
9543771
10497578
10154902
9502318
9920814
9739296
8410867
10903465
10543774
10545330
6414597
10787634
6376374
10721978
8210302
9696170
9946705
9811615
6393072
8585098
10252891
10044167
9138424
9252593
9806474
10693252
10484051
10525479
6169255
10776496
9450367
9345477
9448508
9960240
10255415
10774305
9358822
9358804
10768087
9635461
5803364
9814412
8083928
10392923
10115470
7676284
10907828
5420890
9814380
6260379
9505027
5431331
10284543
10162669
8758016
9787323
10326075
8567610
10597690
9210127
10583482
10569537
7916247
9746149
10567846
9588390
10820163
9465751
10776489
9465769
10751704
10775015
10823079
7004519
9073209
10140469
8390689
9668410
9667612
8189767
9993220
10640020
9278448
9758768
10640002
8633571
10822333
10026881
9093530
10818906
9678176
10555444
10554105
10693248
10808676
10810849
10810988
10485051
10422843
10555442
10762334
7468538
10352924
10292266
10206673
10286328
10757355
6886834
10450881
9220833
8145014
8145039
8240694
8240520
6755529
9463101
3955758
2662339
10090207
10110940
10798299
9037268
10701784
10774976
10699107
10869324
10902040
4192797
10906867
10108211
10173880
10173881
10473187
10473390
8616720
5805258
10621459
10693249
10546550
10900754
9427118
10533254
10536378
10277476
9276265
9480564
9461838
9816544
10653018
10895180
8764323
9911963
9915097
10776789
10396806
10396679
9480892
9764498
10035825
9364833
9689140
10290617
10372732
10210055
2700512
10319623
10465329
10264623
9618539
10478926
9176930
9176932
9184004
9176933
9184067
10900866
8853339
9540899
10288418
8164183
9906400
10850903
10081154
10089088
9731323
9939251
10813541
9383918
4517249
3238654
8912532
6437929
6437930
8912535
8906562
8906561
8912530
8912529
10447772
